# oST version 5.0 parameters


[image]

width
1280

height
720

[front_cam]

camera matrix
14074.579305 0.000000 677.448927
0.000000 7773.501600 715.953135
0.000000 0.000000 1.000000

distortion
-58.756482 1788.156329 -1.072110 -0.174194 0.000000

rectification
1.000000 0.000000 0.000000
0.000000 1.000000 0.000000
0.000000 0.000000 1.000000

projection
12413.207811 0.000000 663.756313 0.000000
0.000000 7108.871149 716.156017 0.000000
0.000000 0.000000 1.000000 0.000000
